      0/99     4.69G   0.08773   0.04545         0    0.1332       106       416    0.1252     0.988    0.6507    0.1754   0.05028   0.02569         0
      1/99     4.53G   0.04751    0.0269         0   0.07441       107       416    0.4513    0.9974    0.9873    0.5634   0.03452   0.01636         0
      2/99     4.53G   0.03943   0.02269         0   0.06212        87       416    0.7688    0.9969     0.994    0.6858    0.0245   0.01377         0
      3/99     4.53G   0.03391   0.02094         0   0.05485       106       416    0.8483    0.9979    0.9949    0.7311   0.02202    0.0127         0
      4/99     4.53G   0.02988   0.01952         0    0.0494        91       416    0.8918    0.9984     0.995    0.7877   0.01806   0.01164         0
      5/99     4.53G   0.02717   0.01852         0   0.04569       119       416    0.9214    0.9979     0.995     0.808   0.01641   0.01093         0
      6/99     4.53G   0.02469   0.01788         0   0.04257       118       416    0.9257    0.9984     0.995    0.8312     0.015   0.01017         0
      7/99     4.53G   0.02292   0.01705         0   0.03997       102       416    0.9054    0.9979     0.995     0.841   0.01426  0.009963         0
      8/99     4.53G   0.02174   0.01651         0   0.03825        99       416    0.8953    0.9984     0.995    0.8263   0.01439  0.009695         0
      9/99     4.53G   0.02088   0.01627         0   0.03715       110       416    0.9187     0.999     0.995    0.8541   0.01308   0.00932         0
     10/99     4.53G   0.01999   0.01579         0   0.03578       104       416     0.933     0.999     0.995    0.8618   0.01308  0.009037         0
     11/99     4.53G   0.01962   0.01571         0   0.03533        99       416    0.9664     0.999     0.995    0.8726   0.01215  0.008664         0
     12/99     4.53G   0.01907   0.01533         0    0.0344        97       416    0.9412     0.999     0.995    0.8714   0.01187  0.008699         0
     13/99     4.53G   0.01867   0.01504         0   0.03372       102       416    0.9543     0.999     0.995    0.8761    0.0117   0.00852         0
     14/99     4.53G   0.01817   0.01495         0   0.03312        94       416    0.9377     0.999     0.995    0.8798   0.01179  0.008436         0
     15/99     4.53G     0.018   0.01497         0   0.03296       106       416    0.9653     0.999     0.995    0.8871   0.01141  0.008241         0
     16/99     4.53G   0.01758   0.01461         0   0.03219       119       416    0.9625     0.999     0.995    0.8873   0.01118  0.008126         0
     17/99     4.53G   0.01738   0.01465         0   0.03204        78       416    0.9735     0.999     0.995    0.8878   0.01113  0.008038         0
     18/99     4.53G   0.01721   0.01448         0   0.03169       104       416    0.9593     0.999     0.995    0.8925   0.01085  0.007951         0
     19/99     4.53G   0.01688   0.01421         0    0.0311        96       416    0.9714     0.999     0.995    0.8972   0.01076   0.00784         0
     20/99     4.53G   0.01661   0.01401         0   0.03062       108       416    0.9756     0.999     0.995    0.8987   0.01053   0.00782         0
     21/99     4.53G   0.01648   0.01397         0   0.03045       105       416    0.9661     0.999     0.995    0.9029   0.01037  0.007712         0
     22/99     4.53G   0.01656   0.01411         0   0.03068        90       416    0.9756    0.9995     0.995    0.9027   0.01027   0.00763         0
     23/99     4.53G   0.01614    0.0139         0   0.03004       103       416    0.9773     0.999     0.995    0.9069    0.0102  0.007572         0
     24/99     4.53G   0.01596   0.01377         0   0.02973       116       416    0.9748     0.999     0.995    0.9062   0.01017  0.007557         0
     25/99     4.53G    0.0159   0.01369         0   0.02958       101       416    0.9847     0.999     0.995    0.9042    0.0101  0.007498         0
     26/99     4.53G   0.01584   0.01369         0   0.02953       102       416    0.9788     0.999     0.995    0.9088  0.009929  0.007394         0
     27/99     4.53G   0.01568   0.01355         0   0.02923        95       416    0.9786    0.9995     0.995    0.9096  0.009897  0.007378         0
     28/99     4.53G   0.01567   0.01362         0   0.02929        97       416    0.9733    0.9995     0.995    0.9142  0.009823   0.00742         0
     29/99     4.53G   0.01536   0.01329         0   0.02865        86       416    0.9786    0.9995     0.995    0.9112  0.009836   0.00732         0
     30/99     4.53G   0.01517   0.01336         0   0.02853        99       416    0.9801    0.9995     0.995    0.9163  0.009499  0.007165         0
     31/99     4.53G   0.01506   0.01327         0   0.02833        89       416    0.9819    0.9995     0.995    0.9161  0.009542  0.007182         0
     32/99     4.53G   0.01498   0.01329         0   0.02827       104       416    0.9809    0.9995     0.995    0.9151  0.009478  0.007148         0
     33/99     4.53G   0.01501    0.0132         0    0.0282       109       416    0.9834    0.9995     0.995    0.9212  0.009269  0.007065         0
     34/99     4.53G   0.01488   0.01291         0   0.02779        95       416    0.9785    0.9995     0.995    0.9172  0.009457  0.007125         0
     35/99     4.53G   0.01468   0.01299         0   0.02767        90       416    0.9748    0.9995     0.995    0.9185  0.009425  0.007089         0
     36/99     4.53G   0.01471   0.01304         0   0.02775        83       416    0.9857    0.9995     0.995    0.9198  0.009369  0.007021         0
     37/99     4.53G   0.01469   0.01293         0   0.02762       102       416    0.9822    0.9995     0.995    0.9203  0.009275  0.006964         0
     38/99     4.53G    0.0145   0.01284         0   0.02734        86       416    0.9821    0.9995     0.995    0.9224  0.009156  0.006911         0
     39/99     4.53G   0.01449   0.01271         0    0.0272        92       416    0.9824    0.9995     0.995    0.9213  0.009184  0.006888         0
     40/99     4.53G   0.01415   0.01257         0   0.02672       100       416    0.9853    0.9995     0.995     0.923  0.008995  0.006813         0
     41/99     4.53G   0.01417   0.01266         0   0.02683        97       416    0.9841    0.9995     0.995    0.9247  0.008957  0.006786         0
     42/99     4.53G    0.0141   0.01269         0   0.02679       102       416    0.9815    0.9995     0.995    0.9244  0.008976  0.006809         0
     43/99     4.53G   0.01413   0.01259         0   0.02671       100       416    0.9882    0.9995     0.995    0.9248  0.008936  0.006736         0
     44/99     4.53G   0.01388   0.01252         0    0.0264       101       416    0.9846    0.9995     0.995    0.9263  0.008812  0.006735         0
     45/99     4.53G   0.01382   0.01239         0   0.02621        99       416    0.9809    0.9995     0.995    0.9264  0.008853  0.006688         0
     46/99     4.53G   0.01373   0.01244         0   0.02617        88       416    0.9859    0.9995     0.995    0.9278  0.008742  0.006606         0
     47/99     4.53G   0.01374   0.01237         0   0.02612       105       416    0.9855         1     0.995    0.9258  0.008825  0.006632         0
     48/99     4.53G   0.01357   0.01232         0   0.02589        83       416    0.9841    0.9995     0.995    0.9278  0.008673  0.006576         0
     49/99     4.53G    0.0136   0.01228         0   0.02587       106       416    0.9861    0.9995     0.995    0.9281  0.008665  0.006579         0
     50/99     4.53G   0.01378   0.01243         0   0.02621        94       416    0.9854    0.9995     0.995    0.9295   0.00859  0.006564         0
     51/99     4.53G   0.01346   0.01227         0   0.02573        92       416     0.988    0.9995     0.995    0.9307  0.008646   0.00655         0
     52/99     4.53G   0.01347   0.01228         0   0.02575       116       416    0.9847    0.9995     0.995    0.9308  0.008594  0.006531         0
     53/99     4.53G   0.01337   0.01228         0   0.02565       103       416     0.987    0.9995     0.995    0.9316  0.008573  0.006487         0
     54/99     4.53G   0.01357   0.01225         0   0.02583       101       416    0.9854    0.9995     0.995    0.9316  0.008517  0.006489         0
     55/99     4.53G   0.01327   0.01216         0   0.02543        91       416    0.9824         1     0.995    0.9334    0.0085  0.006454         0
     56/99     4.53G   0.01338   0.01232         0    0.0257       100       416    0.9839    0.9995     0.995    0.9329  0.008472   0.00642         0
     57/99     4.53G   0.01298   0.01175         0   0.02473       110       416    0.9854    0.9995     0.995    0.9326  0.008435  0.006404         0
     58/99     4.53G   0.01302   0.01187         0   0.02488        87       416    0.9868    0.9995     0.995    0.9348  0.008397  0.006374         0
     59/99     4.53G   0.01297   0.01199         0   0.02496        99       416     0.986    0.9995     0.995    0.9337  0.008428  0.006392         0
     60/99     4.53G   0.01301   0.01174         0   0.02475        88       416    0.9858    0.9995     0.995    0.9343  0.008401  0.006369         0
     61/99     4.53G   0.01299   0.01189         0   0.02488        80       416    0.9858    0.9995     0.995    0.9337  0.008403  0.006364         0
     62/99     4.53G   0.01287   0.01191         0   0.02478        90       416    0.9892    0.9995     0.995    0.9331  0.008419  0.006364         0
     63/99     4.53G     0.013   0.01186         0   0.02486        92       416    0.9872    0.9995     0.995     0.933   0.00839  0.006339         0
     64/99     4.53G   0.01289   0.01174         0   0.02463        98       416    0.9873    0.9995     0.995     0.935  0.008322  0.006312         0
     65/99     4.53G   0.01287   0.01191         0   0.02479       116       416     0.987    0.9995     0.995    0.9342  0.008343  0.006319         0
     66/99     4.53G   0.01266   0.01158         0   0.02424        95       416    0.9855    0.9995     0.995    0.9357  0.008298  0.006305         0
     67/99     4.53G   0.01279   0.01166         0   0.02444       101       416     0.987    0.9995     0.995    0.9359  0.008241  0.006277         0
     68/99     4.53G   0.01284    0.0117         0   0.02454       100       416    0.9882    0.9995     0.995    0.9362  0.008235  0.006261         0
     69/99     4.53G   0.01268   0.01168         0   0.02436        92       416     0.989    0.9995     0.995    0.9365  0.008232  0.006241         0
     70/99     4.53G    0.0126   0.01161         0   0.02421       100       416    0.9886    0.9995     0.995    0.9357  0.008227  0.006229         0
     71/99     4.53G   0.01267   0.01155         0   0.02422        94       416    0.9882    0.9995     0.995    0.9369  0.008182  0.006211         0
     72/99     4.53G    0.0126    0.0117         0    0.0243       106       416     0.988    0.9995     0.995    0.9359  0.008177  0.006209         0
     73/99     4.53G   0.01253   0.01151         0   0.02404       114       416    0.9892    0.9995     0.995    0.9369  0.008165  0.006205         0
     74/99     4.53G    0.0125   0.01148         0   0.02398        88       416    0.9887    0.9995     0.995    0.9369  0.008151  0.006199         0
     75/99     4.53G   0.01269   0.01186         0   0.02455       104       416    0.9888    0.9995     0.995    0.9362  0.008154  0.006193         0
     76/99     4.53G   0.01259   0.01148         0   0.02407        98       416    0.9888    0.9995     0.995    0.9363  0.008142  0.006189         0
     77/99     4.53G   0.01247   0.01158         0   0.02405       106       416    0.9884    0.9995     0.995    0.9374  0.008108   0.00618         0
     78/99     4.53G    0.0124   0.01138         0   0.02378        95       416    0.9889    0.9995     0.995    0.9381  0.008099  0.006172         0
     79/99     4.53G   0.01238   0.01152         0    0.0239        89       416    0.9886    0.9995     0.995    0.9386  0.008088  0.006158         0
     80/99     4.53G   0.01232   0.01159         0   0.02392        98       416    0.9882    0.9995     0.995    0.9388  0.008074  0.006153         0
     81/99     4.53G   0.01232   0.01154         0   0.02387        95       416    0.9873    0.9995     0.995    0.9392   0.00807   0.00615         0
     82/99     4.53G    0.0123   0.01136         0   0.02366       108       416    0.9871    0.9995     0.995    0.9384  0.008061  0.006144         0
     83/99     4.53G   0.01217   0.01138         0   0.02356        93       416    0.9884    0.9995     0.995    0.9399  0.008042  0.006133         0
     84/99     4.53G   0.01248    0.0114         0   0.02388       111       416    0.9887    0.9995     0.995    0.9402  0.008029  0.006126         0
     85/99     4.53G   0.01215   0.01131         0   0.02346        96       416    0.9885    0.9995     0.995    0.9403  0.008025  0.006115         0
     86/99     4.53G   0.01227   0.01133         0    0.0236        83       416    0.9885    0.9995     0.995    0.9399  0.008016  0.006108         0
     87/99     4.53G   0.01234   0.01132         0   0.02366        89       416    0.9885    0.9995     0.995    0.9397  0.008004  0.006099         0
     88/99     4.53G   0.01228   0.01136         0   0.02364        97       416    0.9881    0.9995     0.995    0.9402  0.008001  0.006093         0
     89/99     4.53G   0.01234    0.0114         0   0.02374       111       416    0.9886    0.9995     0.995    0.9391  0.008001   0.00609         0
     90/99     4.53G   0.01212    0.0115         0   0.02362        93       416    0.9886    0.9995     0.995    0.9399  0.007989  0.006083         0
     91/99     4.53G   0.01208   0.01129         0   0.02337        96       416    0.9884    0.9995     0.995    0.9401  0.007984  0.006078         0
     92/99     4.53G   0.01221   0.01138         0   0.02359        88       416    0.9877    0.9995     0.995      0.94  0.007976  0.006073         0
     93/99     4.53G   0.01216   0.01126         0   0.02342        98       416    0.9877    0.9995     0.995    0.9403  0.007971  0.006068         0
     94/99     4.53G    0.0122   0.01135         0   0.02355       106       416    0.9886    0.9995     0.995    0.9401  0.007977  0.006068         0
     95/99     4.53G   0.01218   0.01121         0   0.02338       104       416    0.9886    0.9995     0.995    0.9401  0.007972  0.006061         0
     96/99     4.53G   0.01204   0.01116         0    0.0232       101       416    0.9885    0.9995     0.995    0.9401  0.007971  0.006058         0
     97/99     4.53G   0.01199   0.01118         0   0.02316       105       416    0.9892    0.9995     0.995    0.9401  0.007968  0.006054         0
     98/99     4.53G   0.01208   0.01123         0   0.02331        93       416    0.9886    0.9995     0.995    0.9402  0.007957  0.006047         0
     99/99     4.53G    0.0121   0.01129         0    0.0234       103       416    0.9891    0.9995     0.995    0.9401  0.007954  0.006045         0
